%YAML:1.0
---
calibration_time: "Fri 02 Mar 2018 12:16:36 PM UTC"
nframes: 26
image_width: 1920
image_height: 1080
board_width: 6
board_height: 9
square_size: 2.5000000372529030e-02
aspectRatio: 1.
flags: 2
camera_matrix: !!opencv-matrix
   rows: 3
   cols: 3
   dt: d
   data: [ 1.1103754275762981e+03, 0., 9.6120973339375053e+02, 0.,
       1.1103754275762981e+03, 5.2710677989024020e+02, 0., 0., 1. ]
distortion_coefficients: !!opencv-matrix
   rows: 5
   cols: 1
   dt: d
   data: [ -4.1186436813582072e-01, 6.3562473525474250e-01,
       -6.9616642635236163e-04, 4.0683415448291508e-04,
       -1.2327233487832316e+00 ]
avg_reprojection_error: 4.9460723481967594e-01
per_view_reprojection_errors: !!opencv-matrix
   rows: 26
   cols: 1
   dt: f
   data: [ 7.77904034e-01, 6.73638344e-01, 8.60792160e-01,
       4.80958998e-01, 8.08409154e-01, 8.45702946e-01, 9.03228283e-01,
       7.26270974e-01, 2.63630301e-01, 2.07927555e-01, 2.00792819e-01,
       1.78292423e-01, 1.24024563e-01, 1.80807233e-01, 4.77343798e-01,
       1.49223238e-01, 2.03969464e-01, 4.02308196e-01, 3.71565372e-01,
       4.00772721e-01, 2.78198212e-01, 1.85381308e-01, 3.70951653e-01,
       4.56049085e-01, 3.06246758e-01, 2.84603715e-01 ]
extrinsic_parameters: !!opencv-matrix
   rows: 26
   cols: 6
   dt: d
   data: [ -3.3938155184035784e-01, -1.0392500699341778e+00,
       7.9353372503628061e-02, -5.0051058886246232e-02,
       -1.1748745690492031e-01, 3.8129829083754690e-01,
       -6.1810667166698352e-01, -3.0624417279897672e-02,
       2.1125569095147959e-02, -7.5798457276461742e-02,
       -9.8810562321180795e-02, 3.8507363680348483e-01,
       9.7687703735750437e-03, -1.0275494609212792e+00,
       -4.4834499386602313e-02, -4.3625947139517854e-02,
       -8.7183957013793625e-02, 3.0070727905085493e-01,
       -6.1062933009341819e-02, 1.8844580537372355e-02,
       9.1447541618205810e-03, -5.1424145759273308e-02,
       -1.0024771516936169e-01, 3.4999413470188823e-01,
       3.2590696072142378e-02, 7.5985131868021749e-01,
       5.3428132907665842e-02, -6.3017713975024703e-02,
       -8.0852710680475809e-02, 4.1365360890669084e-01,
       3.6498799108671726e-01, -9.5910473186573320e-01,
       -1.3182235026581313e-01, -4.6830039429442638e-02,
       -8.4794503553737202e-02, 2.6725246114548401e-01,
       7.3940567795720979e-01, -2.8247388866407635e-02,
       2.5480195500629257e-02, -6.7619237998263249e-02,
       -4.3827955282480832e-02, 2.4154608677602446e-01,
       4.2552309224413276e-01, 6.4894198483527632e-01,
       3.7781566834939349e-02, -4.1509751274515540e-02,
       -2.5474287623673514e-02, 3.8775748396845428e-01,
       -5.2004244534563182e-01, -6.4497566046602361e-01,
       5.6755237875321593e-03, -2.4255439329247813e-01,
       -7.1934303181145492e-02, 1.2733780176646139e+00,
       -4.1845357382548898e-01, -4.6072470673162155e-02,
       8.8576009805385169e-03, -6.0827335735532541e-02,
       -2.6970460492530440e-01, 1.2513712282343881e+00,
       -2.5406680896965289e-01, 5.8912332460211825e-01,
       -6.4242990287007154e-02, -1.5050290763405194e-01,
       -1.1426732512709953e-01, 1.6271671858356618e+00,
       -9.7067226855053118e-02, -6.1790013502242258e-01,
       -2.2825648980028170e-02, -1.3418895529221711e-01,
       1.5216252762435928e-01, 1.5391712883500583e+00,
       -1.3684268139463655e-02, -1.5581041222633890e-01,
       3.0962207924851715e-03, -1.9274865626347656e-01,
       2.1039193347827986e-02, 1.5947163891337881e+00,
       3.2190973452311269e-02, 4.6553941135711330e-01,
       9.8653064296517420e-03, -1.2526755183245361e-01,
       -9.0257552535906421e-02, 1.4937769628991704e+00,
       1.3886349623905703e-01, -5.4073095367561919e-01,
       -4.7792975046983585e-02, 4.4015887297224693e-02,
       6.3961499208533598e-02, 1.4633396782841726e+00,
       2.3219241315889522e-01, -1.8058377996823893e-01,
       6.6727312278519295e-03, -2.1754815088303694e-01,
       7.3162381549038813e-02, 1.3835346394555192e+00,
       2.7805565553840961e-01, 2.8088599827981886e-01,
       2.3254736854551272e-02, -3.2673512029567153e-01,
       -9.4765032781153183e-02, 1.4015890387082035e+00,
       -5.5450356015601698e-01, -5.8460808179091361e-01,
       4.2940367509215233e-02, 4.5966863279264924e-03,
       -5.2626162575612721e-03, 7.7559947779372784e-01,
       -5.4994615104402211e-01, -1.1239579303237481e-01,
       6.1836028797594082e-02, -9.9143300939454934e-02,
       -7.6154547122277663e-02, 7.1895189957724714e-01,
       -4.9654304602402338e-01, 4.7297135507377314e-01,
       -1.3624717897933250e-01, -1.6015163472944760e-01,
       5.8118349048759200e-03, 8.7791377822386718e-01,
       1.6336752503820082e-01, -7.0636228631005860e-01,
       -1.5398295810972787e-02, -5.9569659665341404e-02,
       -7.7385137954097058e-02, 9.0342666105821767e-01,
       1.1872879719454288e-01, -6.8351327700304415e-02,
       1.1397170480772472e-02, -1.0704524934943399e-01,
       -6.7965470398239886e-02, 7.9991063620812675e-01,
       1.9501940466744155e-01, 5.9808492828076643e-01,
       5.2593577830229478e-03, -7.6127565781002146e-02,
       -6.7224449834931435e-02, 6.6434256952428983e-01,
       3.5858103341570552e-01, -8.9820650484944065e-01,
       -2.1714389558694944e-01, -3.4373629150115839e-02,
       -3.0372701571964804e-02, 5.9570691547510379e-01,
       5.9880592798398635e-01, -2.2422064905234934e-02,
       1.3847944035098352e-02, -5.4511889387499506e-02,
       -1.2510266613874402e-02, 7.6275056736334135e-01,
       2.6934009241366602e-01, 4.4766662576548633e-01,
       5.8166950761558721e-02, -2.3762598877835808e-01,
       -5.9176886478524829e-02, 9.3999718316076541e-01 ]
