%YAML:1.0
---
calibration_time: "Wed 28 Feb 2018 06:48:08 PM UTC"
nframes: 36
image_width: 640
image_height: 480
board_width: 6
board_height: 9
square_size: 2.5000000372529030e-02
aspectRatio: 1.
flags: 2
camera_matrix: !!opencv-matrix
   rows: 3
   cols: 3
   dt: d
   data: [ 2.7030009668354614e+02, 0., 3.3547367527188487e+02, 0.,
       2.7030009668354614e+02, 2.0241206403007448e+02, 0., 0., 1. ]
distortion_coefficients: !!opencv-matrix
   rows: 5
   cols: 1
   dt: d
   data: [ -2.7534385093838659e-01, 7.3419483843627203e-02,
       5.6944452252011800e-03, -1.0435757088017791e-03,
       -8.1424822074177387e-03 ]
avg_reprojection_error: 3.8183709233402543e+00
per_view_reprojection_errors: !!opencv-matrix
   rows: 36
   cols: 1
   dt: f
   data: [ 2.19562507e+00, 4.27047879e-01, 3.77714682e+00,
       3.72354484e+00, 3.57614350e+00, 5.79445553e+00, 5.85247755e+00,
       6.00506973e+00, 4.87495661e+00, 2.56446552e+00, 6.37190771e+00,
       4.70901787e-01, 1.47554886e+00, 1.60228193e+00, 7.34902084e-01,
       3.14648962e+00, 3.19503665e+00, 5.57813406e+00, 2.86359131e-01,
       2.71123260e-01, 5.44167578e-01, 4.94994879e-01, 9.41416502e-01,
       4.94671971e-01, 6.01009035e+00, 3.02220678e+00, 2.20588803e+00,
       3.20220232e+00, 6.32300472e+00, 4.01048613e+00, 1.22411644e+00,
       8.67370963e-01, 8.90959322e-01, 9.80614007e-01, 7.75540638e+00,
       8.06063271e+00 ]
extrinsic_parameters: !!opencv-matrix
   rows: 36
   cols: 6
   dt: d
   data: [ -1.3033123848989567e-01, -2.9029434293955807e-02,
       1.8973025229179392e-02, -6.4028595142885766e-02,
       -2.4277348631650930e-01, 3.2885855574292983e-01,
       1.9588243542203509e-01, 1.2965295670904248e-03,
       9.7712712616222872e-02, -7.8391159428549920e-02,
       -1.8540844231053022e-01, 3.1503049881190437e-01,
       -6.3886911751979941e-02, 1.3506836260995261e-01,
       3.0915173347049596e-01, -2.1186469682687066e-02,
       -2.8555233125608165e-01, 3.4655176177170272e-01,
       -9.3074388502676786e-01, -2.1084589897858880e-01,
       -2.7378522868348982e+00, 2.7393803257266242e-01,
       -6.1273431059878135e-03, 3.4623339338687542e-01,
       -8.6704793110194256e-01, -1.9690930244870419e-01,
       -2.7621674773180294e+00, 2.8169934186013268e-01,
       1.5134111201327179e-02, 3.3860362363722663e-01,
       -1.7423009764933572e-01, 5.8743142465002629e-01,
       3.2722462631369287e-01, 3.1694118497980073e-01,
       -2.9092869027188484e-01, 4.6664746291911641e-01,
       1.4999837721116743e-01, -6.9958357956219308e-01,
       -3.0099731757363309e-02, -2.9994652646587716e-01,
       -3.3713582669042896e-01, 5.5507991128378653e-01,
       2.2967839535921319e-01, -3.6251619727443329e-01,
       4.6758398373889676e-02, -4.1476133865651743e-02,
       -3.2483186227971911e-01, 6.2370397846568970e-01,
       -8.9506708664867485e-01, 2.5744609746989770e-02,
       2.9819468596787933e-02, -7.1675270246464237e-02,
       -2.3440014903494319e-01, 9.6927968576594181e-01,
       3.0321230815862577e-01, 4.9782231609178473e-01,
       6.0941197806588784e-02, 1.7502865843080992e-01,
       -3.0016812218812644e-01, 7.5928035684103057e-01,
       -2.1563466715493165e-01, 4.5915677535494254e-01,
       3.4003568769419595e-01, 2.6800201698661202e-01,
       -2.3007911631310357e-01, 5.2308247892308302e-01,
       7.9001604601277906e-02, 6.9992984096064104e-01,
       3.8028988561085547e-01, 1.6073487047748450e-01,
       -1.2740783902012387e-01, 2.8558764567731415e-01,
       -1.9884811145240058e-02, 1.2656116982715379e-01,
       3.4457984911799250e-01, 9.7644530927475312e-02,
       -2.2976962217446567e-01, 3.1347961699666987e-01,
       -7.3830956501485440e-02, -5.9983056948007685e-01,
       -1.6933361939741648e-01, -2.9998179553286297e-01,
       -2.1562738037578486e-01, 2.6202753385652700e-01,
       4.7336747337337830e-02, -6.4829871817507589e-01,
       -1.9997564457099634e-01, -3.2011083863877204e-01,
       -1.9308324511643038e-01, 2.2336492299356292e-01,
       1.2414330080557670e+00, -1.2656348292517702e-01,
       -3.4324553732745039e-02, -9.1038520414302923e-02,
       -1.4114661917382360e-01, 1.7632077295235365e-01,
       1.2484357364701206e+00, -1.5218755992958077e-01,
       -5.7588261720964026e-02, -7.4443679102466298e-02,
       -1.2203642704413549e-01, 1.8708198552772720e-01,
       -3.7197151058759481e-01, 1.3200693948425937e-01,
       1.5593073645512667e-01, -3.8676176281435139e-02,
       -2.4127297219050789e-01, 5.5723783785920555e-01,
       -5.0161244858952507e-02, 1.5317370030731975e-02,
       1.5827138990693632e-01, -5.6375528201602250e-02,
       -1.7886566643645382e-01, 4.1247044676728284e-01,
       -5.6858276633860338e-02, 2.6236832875303796e-03,
       1.6415476232998388e-01, -5.5310865884648251e-02,
       -1.7846949379494637e-01, 4.1284263639536800e-01,
       1.0813742597467471e-02, 5.6857831771990186e-01,
       2.9828566734877004e-01, 1.4853523850877332e-01,
       -1.5591061758319469e-01, 2.9785777949865616e-01,
       8.0990154715728943e-02, 7.5997057190658268e-01,
       4.2275796598420318e-01, 1.8737479300295265e-01,
       -1.3523082849802862e-01, 2.7855795119301391e-01,
       4.4334905611739001e-02, -6.3772071267816499e-01,
       7.2610877432812568e-02, -1.9055997335956729e-01,
       -2.3315934373892694e-01, 2.9081037522342656e-01,
       1.0475470336741027e-01, -8.1468324978098361e-01,
       -2.5859289318094145e-02, -1.9885159748433326e-01,
       -2.0218778995742784e-01, 2.6395966049521663e-01,
       4.9884752301904499e-02, -2.8369422625027640e-01,
       1.1691799100431083e-01, 1.7017426237099478e-02,
       -2.9833930784333107e-01, 4.7935722744286963e-01,
       4.3345884277793328e-01, 4.2924237745842236e-01,
       1.7456017477025862e-01, 3.2573862145010436e-02,
       -3.7741580331459834e-01, 8.1361005808596154e-01,
       3.7639381867100880e-01, 2.9620173853527243e-01,
       1.4128640813865437e-01, -1.0173659687161416e-02,
       -3.9957559857768049e-01, 7.9499074323900698e-01,
       2.1394200512581354e-01, -5.1886447976885339e-02,
       9.9801368111007621e-02, 1.8185801356611631e-01,
       -3.0584743877068066e-01, 7.5981557443890180e-01,
       6.6423551996029256e-02, 1.2782703840428014e+00,
       4.4159911901843885e-01, 4.8767760644106678e-01,
       -1.8746750261851780e-01, 4.6683325663333669e-01,
       2.6705905743763074e-02, 2.0220981864561588e-01,
       1.9528503104667205e-01, -2.0528939934528809e-01,
       -3.4823436696753440e-01, 6.9764760643281354e-01,
       -2.1479817140976334e-01, 6.6597030419687364e-01,
       1.9883318086787460e-01, 5.6455089258198109e-02,
       -1.7933823803551166e-01, 2.1895102364540611e-01,
       1.5381711725110573e-02, 5.8412648167024950e-01,
       2.0240082801597417e-01, 4.4075994565317654e-02,
       -1.6256589534555696e-01, 1.9634452226041718e-01,
       3.0178273709361863e-02, -3.3219771427083006e-01,
       9.3926505320183373e-02, -1.9866016228717662e-01,
       -2.0310623829242075e-01, 1.9309242404048796e-01,
       1.3424122324930551e-01, -4.8777153271906032e-01,
       -2.5161358349020866e-02, -3.4212220665166193e-01,
       -2.2139475622601712e-01, 2.1149722865656087e-01,
       6.5110452860620810e-02, -1.0374188445455844e-01,
       1.2670172966760004e-01, -4.0479543912784612e-02,
       -2.8055810940424425e-01, 5.1690001751976955e-01,
       4.4044709028931921e-02, 1.4237193366293283e-01,
       1.1144360133305975e-01, -4.0779838032377523e-02,
       -2.8091321671640568e-01, 5.3906095919251762e-01 ]
