%YAML:1.0
---
calibration_time: "Tue 27 Feb 2018 03:35:49 PM UTC"
nframes: 10
image_width: 640
image_height: 480
board_width: 9
board_height: 6
square_size: 2.5000000000000000e+00
aspectRatio: 1.
flags: 2
camera_matrix: !!opencv-matrix
   rows: 3
   cols: 3
   dt: d
   data: [ 2.8118901403113551e+02, 0., 3.2956935015587851e+02, 0.,
       2.8118901403113551e+02, 2.2752620050139461e+02, 0., 0., 1. ]
distortion_coefficients: !!opencv-matrix
   rows: 5
   cols: 1
   dt: d
   data: [ -3.3409921982087615e-01, 1.3611358474811686e-01,
       2.0438581548611759e-03, -6.2832463541903161e-04,
       -2.7078277674333573e-02 ]
avg_reprojection_error: 8.8707200746536929e-01
per_view_reprojection_errors: !!opencv-matrix
   rows: 10
   cols: 1
   dt: f
   data: [ 8.21357489e-01, 1.16735804e+00, 8.29457700e-01,
       6.32818341e-01, 6.87869787e-01, 8.32840204e-01, 5.48728108e-01,
       5.95174909e-01, 6.72313511e-01, 1.57131362e+00 ]
extrinsic_parameters: !!opencv-matrix
   rows: 10
   cols: 6
   dt: d
   data: [ -1.8950046974596577e-01, 2.6124894290164924e-01,
       2.9392711699550786e+00, 1.1692047115423565e+01,
       -3.3518669975164044e+00, 2.3031201438244985e+01,
       -3.6312176550788770e-02, 1.4391540800632789e+00,
       2.6349355084957682e+00, 1.3028467726388081e+01,
       4.5811709339125537e+00, 1.2350550361449132e+01,
       -1.4543517242422313e-01, -3.0493704352859535e-01,
       3.1123495953845874e+00, 1.2202673732215260e+01,
       3.1555339305236654e+00, 1.7439651327771955e+01,
       -7.4939440087703008e-02, -4.7036719667641486e-01,
       3.0766930739105876e+00, 1.1190617051899554e+01,
       6.3717410500096330e+00, 1.8488090208493414e+01,
       -3.2816105820602742e-01, 3.9495676240521660e-01,
       -3.0552329919086056e+00, 1.1378954408606299e+01,
       4.7202018955193070e+00, 1.5300752896028426e+01,
       -6.6985075479620049e-01, 3.3213919776355033e-01,
       -2.9642294093182877e+00, 1.0604356932592356e+01,
       5.3734289591749747e+00, 1.2300960907963983e+01,
       -4.9455203048536861e-01, -1.9330434086029177e-01,
       3.0459236183523344e+00, 9.6376058362399579e+00,
       4.3085933440382860e+00, 2.0712082096697081e+01,
       -7.4815768649695580e-01, -2.3057054697695895e-01,
       2.9942696702332086e+00, 8.0110681973959732e+00,
       4.5180442838359802e+00, 2.2786412716499367e+01,
       -3.2717295192973711e-01, -5.4861961071369814e-01,
       3.0433298092785610e+00, 1.0099692060914027e+01,
       4.6607012973870772e+00, 2.0367748948420118e+01,
       -1.7149887705471689e-01, -4.7368645735315656e-01,
       3.0663216215154288e+00, 1.0960861810237448e+01,
       3.7671956466557610e+00, 1.8150223096583712e+01 ]
image_points: !!opencv-matrix
   rows: 10
   cols: 54
   dt: "2f"
   data: [ 4.60426453e+02, 1.91043365e+02, 4.38115631e+02,
       1.93963379e+02, 4.12711639e+02, 1.97584290e+02, 3.84779388e+02,
       2.01569962e+02, 3.54598419e+02, 2.06322464e+02, 3.22767609e+02,
       2.11397583e+02, 2.89884003e+02, 2.16688705e+02, 2.57451416e+02,
       2.22527191e+02, 2.26440811e+02, 2.28375443e+02, 4.52636963e+02,
       1.65133514e+02, 4.30516052e+02, 1.66584549e+02, 4.05221588e+02,
       1.68866394e+02, 3.77594330e+02, 1.72142410e+02, 3.47660248e+02,
       1.75825287e+02, 3.16807037e+02, 1.80089462e+02, 2.84929688e+02,
       1.85744812e+02, 2.53709763e+02, 1.91746719e+02, 2.23485672e+02,
       1.97611206e+02, 4.44497864e+02, 1.40374634e+02, 4.21824280e+02,
       1.40847488e+02, 3.97332397e+02, 1.43634720e+02, 3.69730530e+02,
       1.45767151e+02, 3.41433655e+02, 1.48876938e+02, 3.11037750e+02,
       1.52572433e+02, 2.80830780e+02, 1.57349548e+02, 2.50311081e+02,
       1.62670334e+02, 2.20981644e+02, 1.68600571e+02, 4.35716034e+02,
       1.17542000e+02, 4.13505493e+02, 1.18002190e+02, 3.88727905e+02,
       1.18597725e+02, 3.62568665e+02, 1.21602966e+02, 3.35004761e+02,
       1.23606689e+02, 3.05868469e+02, 1.27190056e+02, 2.77335480e+02,
       1.32212418e+02, 2.47707886e+02, 1.36631775e+02, 2.19385727e+02,
       1.41812500e+02, 4.26708130e+02, 9.74213028e+01, 4.04818481e+02,
       9.72718811e+01, 3.81560944e+02, 9.80922241e+01, 3.55827911e+02,
       9.84331589e+01, 3.29358002e+02, 1.02163582e+02, 3.01045319e+02,
       1.05265953e+02, 2.73560120e+02, 1.07571045e+02, 2.45485779e+02,
       1.11755257e+02, 2.18097260e+02, 1.16745445e+02, 4.18144165e+02,
       7.95668335e+01, 3.96671783e+02, 7.87092972e+01, 3.74635925e+02,
       7.78024216e+01, 3.49890167e+02, 8.03956604e+01, 3.24095306e+02,
       8.24621506e+01, 2.97472076e+02, 8.31841431e+01, 2.70053162e+02,
       8.56000366e+01, 2.44014984e+02, 8.94837189e+01, 2.17634750e+02,
       9.53334351e+01, 5.48545166e+02, 3.06136169e+02, 5.22363831e+02,
       3.16646301e+02, 4.88804626e+02, 3.29206085e+02, 4.47656830e+02,
       3.42133850e+02, 3.98741119e+02, 3.54509491e+02, 3.44468414e+02,
       3.64420807e+02, 2.87496216e+02, 3.72144501e+02, 2.33372055e+02,
       3.74008453e+02, 1.85234619e+02, 3.72861053e+02, 5.27862244e+02,
       2.79232971e+02, 5.01356201e+02, 2.86024261e+02, 4.68850983e+02,
       2.94615417e+02, 4.29584839e+02, 3.03858612e+02, 3.84943939e+02,
       3.12760834e+02, 3.35782532e+02, 3.20431030e+02, 2.85419220e+02,
       3.26657745e+02, 2.36368652e+02, 3.29605316e+02, 1.92499710e+02,
       3.31490997e+02, 5.08076477e+02, 2.55416611e+02, 4.81638458e+02,
       2.60616425e+02, 4.49867737e+02, 2.67525879e+02, 4.13461365e+02,
       2.74210388e+02, 3.72913544e+02, 2.80234344e+02, 3.29182922e+02,
       2.85594147e+02, 2.84427490e+02, 2.91326630e+02, 2.41514282e+02,
       2.95506744e+02, 2.01984253e+02, 2.99390045e+02, 4.89851074e+02,
       2.34944534e+02, 4.63659698e+02, 2.39489365e+02, 4.33610260e+02,
       2.44994720e+02, 3.99697784e+02, 2.50229477e+02, 3.62795319e+02,
       2.54763611e+02, 3.24180145e+02, 2.60437958e+02, 2.84532349e+02,
       2.65547729e+02, 2.46421738e+02, 2.69856567e+02, 2.10241440e+02,
       2.72810333e+02, 4.73246155e+02, 2.18275330e+02, 4.48221283e+02,
       2.21662964e+02, 4.19781219e+02, 2.25376129e+02, 3.88347412e+02,
       2.29736465e+02, 3.54859558e+02, 2.34324753e+02, 3.19841583e+02,
       2.38111801e+02, 2.84417053e+02, 2.41525208e+02, 2.49247955e+02,
       2.43984024e+02, 2.16324173e+02, 2.47936432e+02, 4.58758545e+02,
       2.04159531e+02, 4.34647491e+02, 2.06226654e+02, 4.07911224e+02,
       2.08482681e+02, 3.78884674e+02, 2.12177963e+02, 3.48249725e+02,
       2.15350357e+02, 3.16408173e+02, 2.17459946e+02, 2.83711060e+02,
       2.19617249e+02, 2.51860977e+02, 2.22533264e+02, 2.21632065e+02,
       2.26543442e+02, 4.97793274e+02, 2.71907654e+02, 4.71606201e+02,
       2.75515320e+02, 4.40711304e+02, 2.78656982e+02, 4.05401764e+02,
       2.81667297e+02, 3.66491913e+02, 2.84093933e+02, 3.24890625e+02,
       2.85888397e+02, 2.82793121e+02, 2.86618286e+02, 2.41674454e+02,
       2.86855713e+02, 2.03580292e+02, 2.86587860e+02, 5.02754608e+02,
       2.38058121e+02, 4.76720917e+02, 2.39925995e+02, 4.45585571e+02,
       2.41099930e+02, 4.09191589e+02, 2.42539032e+02, 3.68637238e+02,
       2.43756638e+02, 3.25224091e+02, 2.45255310e+02, 2.80546967e+02,
       2.46123215e+02, 2.37353912e+02, 2.46975159e+02, 1.97662857e+02,
       2.47534470e+02, 5.06176453e+02, 2.02564301e+02, 4.79713654e+02,
       2.01839752e+02, 4.47603485e+02, 2.00763992e+02, 4.10673828e+02,
       1.99926056e+02, 3.69581146e+02, 1.99845001e+02, 3.25122101e+02,
       2.00205307e+02, 2.79263336e+02, 2.01107422e+02, 2.34908035e+02,
       2.02543365e+02, 1.94471939e+02, 2.04467911e+02, 5.07708008e+02,
       1.66411514e+02, 4.80514282e+02, 1.62863190e+02, 4.48208191e+02,
       1.59401581e+02, 4.10841858e+02, 1.56791977e+02, 3.69441040e+02,
       1.54967499e+02, 3.24698944e+02, 1.54216141e+02, 2.79011841e+02,
       1.55166016e+02, 2.35048462e+02, 1.57069794e+02, 1.94395203e+02,
       1.60645096e+02, 5.07117859e+02, 1.30494202e+02, 4.79430420e+02,
       1.24907265e+02, 4.47411224e+02, 1.19610687e+02, 4.10136963e+02,
