%YAML:1.0
---
calibration_time: "Mon 05 Mar 2018 01:14:10 PM UTC"
nframes: 28
image_width: 1024
image_height: 768
board_width: 6
board_height: 9
square_size: 2.5000000372529030e-02
aspectRatio: 1.
flags: 2
camera_matrix: !!opencv-matrix
   rows: 3
   cols: 3
   dt: d
   data: [ 5.4280216708800003e+02, 0., 5.1976556469812658e+02, 0.,
       5.4280216708800003e+02, 3.4619326844995652e+02, 0., 0., 1. ]
distortion_coefficients: !!opencv-matrix
   rows: 5
   cols: 1
   dt: d
   data: [ -3.3335145581268066e-01, 1.1239000480792583e-01,
       -7.0379607317973064e-04, 1.0632795524170287e-03,
       -1.7485132618646676e-02 ]
avg_reprojection_error: 1.9142027890730673e+00
per_view_reprojection_errors: !!opencv-matrix
   rows: 28
   cols: 1
   dt: f
   data: [ 1.88027751e+00, 1.04483259e+00, 1.14298618e+00,
       4.75129008e-01, 8.99348855e-01, 1.20101583e+00, 1.00765848e+00,
       7.74409294e-01, 2.93173766e+00, 2.73172945e-01, 9.35720623e-01,
       4.38693380e+00, 2.14003950e-01, 3.02349269e-01, 3.47559595e+00,
       2.47479606e+00, 5.12325001e+00, 1.81621683e+00, 6.72569513e-01,
       1.21855175e+00, 1.06247234e+00, 1.73584208e-01, 1.03011990e+00,
       1.46715081e+00, 8.16504240e-01, 1.88536787e+00, 2.00095034e+00,
       1.16525578e+00 ]
extrinsic_parameters: !!opencv-matrix
   rows: 28
   cols: 6
   dt: d
   data: [ -3.9482106349026685e-01, -1.0441424344471000e+00,
       1.0878721758311492e-01, -5.4765958892923072e-02,
       -9.7640817539322272e-02, 3.5490578641689063e-01,
       -6.6008835450405656e-01, -4.5219807451388337e-02,
       1.5334789191668786e-02, -8.1020022446998227e-02,
       -7.9507306763844807e-02, 3.6233344946558443e-01,
       -4.1849565828609943e-02, -1.0425711725492712e+00,
       -1.5169548692471191e-02, -4.7183960344527556e-02,
       -7.1620852511097829e-02, 2.7554874240923388e-01,
       -1.0921749737592296e-01, 7.7424721726070782e-03,
       8.9583509282550253e-03, -5.5823485279899304e-02,
       -8.1904527250146936e-02, 3.2470109597932112e-01,
       -2.7645699930904235e-02, 7.4272760550611783e-01,
       2.9614116750687342e-02, -6.8715948092623796e-02,
       -5.8697316916329699e-02, 3.8601873910544426e-01,
       3.1784542252487297e-01, -9.7710080293687773e-01,
       -1.0392973129433158e-01, -4.9776283653270810e-02,
       -7.0492335816794219e-02, 2.4203603502081236e-01,
       6.6804032582194428e-01, -4.4521301111615792e-02,
       3.1782753391218534e-02, -7.0503108006578885e-02,
       -3.1468754190348766e-02, 2.2008042876126832e-01,
       3.4929715745461498e-01, 6.4528730735578255e-01,
       1.8861114151552172e-02, -4.6184969680246983e-02,
       -5.0457216552746405e-03, 3.5819087027131724e-01,
       -6.1579449199225311e-01, -5.7714456458306895e-01,
       6.7259140381556837e-02, -3.7011990882979931e-03,
       3.5379887783488453e-02, 7.1474349008219051e-01,
       -6.0125145839485694e-01, -1.2496426071101929e-01,
       5.8425322017773666e-02, -1.0854667274436353e-01,
       -3.8642980271557707e-02, 6.6665608281575062e-01,
       -5.5548739399629576e-01, 4.4314681453999721e-01,
       -1.6243192648721169e-01, -1.7238237279689156e-01,
       5.2215587970701437e-02, 8.0512385328552616e-01,
       8.8403656064368563e-02, -8.0932296628195954e-01,
       1.2580648951264737e-02, -6.3661697284911514e-02,
       -3.1382899755005113e-02, 8.2963649806853212e-01,
       5.2441975296988887e-02, -9.3222590194963678e-02,
       1.3700576521028613e-02, -1.1696849825470584e-01,
       -2.6375233557306622e-02, 7.3333992205685827e-01,
       1.3326195631865681e-01, 5.8071304340601237e-01,
       -1.2096108744737454e-02, -8.4633807205403921e-02,
       -3.2261710602910630e-02, 6.1321986287305552e-01,
       3.2194849913535645e-01, -8.8813026375959225e-01,
       -1.9950587589916022e-01, -4.1989359834597395e-02,
       5.3914063781579391e-04, 5.3589995895171338e-01,
       5.1601252950277698e-01, -2.5664725073074837e-02,
       2.2087582453583800e-02, -6.4061088184108578e-02,
       2.6280634990669207e-02, 6.9820838414964759e-01,
       2.3533836157401639e-01, 4.8947581705376303e-01,
       5.2997918681185079e-02, -2.5163141107550058e-01,
       -1.0476771111548209e-02, 8.6539682233236803e-01,
       -1.3774532103944321e+00, 2.1506912405195353e-01,
       2.8311497385492110e+00, -7.5178313108204692e-02,
       2.3639617784923941e-01, 3.3788252236262517e-01,
       1.2829952781155979e-01, -4.6412775700645981e-01,
       -3.0867093469519546e+00, 5.4357260391528370e-02,
       2.1001505374730375e-01, 2.6297816852536426e-01,
       6.8140867146713213e-01, 5.5593962950204057e-01,
       2.9042025108585428e+00, -6.4795066193684206e-03,
       2.1951090499267109e-01, 2.6280005213209962e-01,
       -1.1006562116847718e+00, 2.7167403521841899e-01,
       2.9087838669350217e+00, 8.6052549247723861e-02,
       2.9169556940459118e-01, 4.2583122584839733e-01,
       6.7780588296493124e-02, -4.3767062791349204e-01,
       -3.0562291067377867e+00, 6.0936261468650339e-02,
       4.1765225933787020e-01, 4.8647898551905994e-01,
       1.6984353595125128e+00, 2.8212944925863614e-01,
       2.3177341147424571e+00, 3.3929097675081454e-01,
       3.3201218832726276e-01, 3.0986003779915766e-01,
       -1.7683835519843820e+00, -2.3520791096747215e-01,
       2.5369169916752448e+00, -1.9109111130027087e-01,
       2.6634218234848112e-01, 3.8306837746751093e-01,
       2.2379989365516803e-01, -1.8432118878121889e-01,
       -3.1631854461264242e+00, -2.4216492164667727e-01,
       3.2093435116131835e-01, 3.6263788841049543e-01,
       1.6379794867939754e+00, -4.4123713556255223e-01,
       2.4293065196979229e+00, 3.0615551687609766e-01,
       -1.3903478155692463e-02, 2.9386327601045747e-01,
       -1.6299289863676727e+00, -6.2265393900587207e-01,
       2.3477551577226574e+00, -2.4261926667918951e-01,
       -4.1267932970262704e-02, 4.0413525096364461e-01,
       2.0312634770124519e-02, 1.4450371622356757e+00,
       -2.7675798772917779e+00, 1.3609203549558644e-02,
       -9.7131330104471947e-02, 5.5077586614496887e-01 ]
